0 68.0424153804779
0 79.00758385658264
0 81.88868165016174
0 75.24895071983337
0 82.51540064811707
0 66.6263222694397
0 60.42260527610779
0 80.4854691028595
0 86.8406891822815
0 46.85714244842529
0 78.38402986526489
0 80.35237193107605
0 75.53042769432068
0 82.48834013938904
0 87.37140893936157
0 83.91008377075195
0 83.12593698501587
0 69.80350613594055
0 82.98150300979614
0 80.06091117858887
0 72.45718240737915
0 77.05280184745789
0 81.5399706363678
0 76.39183402061462
0 76.00641250610352
0 74.7430682182312
0 85.01828908920288
0 89.11593556404114
0 84.44905877113342
0 83.90480279922485
0 78.6228895187378
0 82.72326588630676
0 51.784491539001465
0 84.11086797714233
0 67.32814908027649
0 84.94035005569458
1 78.23030948638916
0 82.58432149887085
0 83.57663750648499
0 81.1936616897583
0 76.28097534179688
0 82.00482130050659
0 89.3318772315979
0 74.00829195976257
0 85.78986525535583
0 85.0959062576294
0 75.99903345108032
0 84.51459407806396
0 81.14075064659119
0 82.44073390960693
0 78.53444218635559
0 75.45543313026428
0 84.33349132537842
0 72.24799394607544
0 70.13317942619324
0 78.42889428138733
0 67.60548949241638
0 81.3427746295929
0 62.84654140472412
0 77.6134729385376
0 69.08932328224182
0 76.24799609184265
0 80.978524684906
0 63.20321559906006
0 81.83172941207886
0 89.80141878128052
0 75.8887231349945
0 80.97733855247498
0 78.22908759117126
0 80.49482703208923
0 76.2182354927063
0 85.1064682006836
0 79.0464997291565
0 77.7458131313324
1 67.35350489616394
2 45.77938914299011
0 74.9044120311737
0 66.05281829833984
0 82.31217861175537
0 82.15228915214539
0 73.94337058067322
0 65.52892923355103
0 74.27564859390259
0 66.57545566558838
0 76.08911395072937
0 80.30650615692139
0 71.95954918861389
0 84.22844409942627
0 81.56914114952087
0 85.48832535743713
0 83.02045464515686
0 74.33620691299438
0 77.46042609214783
0 82.00487494468689
0 78.68621945381165
0 57.428550720214844
0 81.15239143371582
0 74.3542730808258
0 75.77725052833557
0 81.84013962745667
0 74.41832423210144
0 69.1618263721466
0 77.34112739562988
4 33.08662176132202
0 70.07243633270264
1 64.7126317024231
0 82.89216160774231
0 83.67622494697571
0 83.43203663825989
0 82.96829462051392
0 83.88428092002869
0 83.48777890205383
3 64.8377776145935
0 77.57466435432434
0 72.854483127594
0 83.43002200126648
0 84.61151123046875
2 64.01292085647583
1 65.06069302558899
0 75.14078617095947
0 83.3273708820343
0 71.78563475608826
0 84.36689972877502
0 87.20746040344238
0 68.26615929603577
0 70.85207104682922
0 84.49682593345642
0 86.04322075843811
0 81.67378306388855
0 80.97624778747559
0 84.44423079490662
0 77.18684673309326
0 80.32742142677307
0 75.5491852760315
0 86.75777912139893
0 76.39292478561401
0 74.11313652992249
0 82.30262398719788
0 75.72251558303833
0 82.66854286193848
0 80.38272261619568
0 83.75873565673828
0 88.84739279747009
0 87.79358863830566
0 62.172627449035645
0 78.64916324615479
0 85.46943068504333
0 79.62591052055359
0 76.82737112045288
0 70.51552534103394
0 77.57725119590759
0 71.83972001075745
0 83.94787311553955
0 82.55530595779419
0 83.23087692260742
0 83.55608582496643
0 86.68984770774841
0 40.41723906993866
0 80.75515031814575
0 79.98968362808228
0 75.62438249588013
0 72.55377769470215
0 80.96134662628174
0 80.39912581443787
0 88.0262017250061
0 80.17851710319519
0 80.87188005447388
2 49.98750686645508
0 76.46969556808472
0 77.19855308532715
0 72.5854218006134
0 83.51540565490723
0 86.04912757873535
0 66.26213788986206
0 83.51003527641296
0 83.20640325546265
0 70.24639248847961
0 78.3672034740448
0 67.96698570251465
0 84.23702716827393
0 71.49668335914612
0 85.36463379859924
0 87.14508414268494
0 78.48483920097351
0 81.14961981773376
0 78.73140573501587
0 83.57474207878113
0 87.53951787948608
0 79.69135642051697
0 73.839271068573
0 84.9200427532196
2 37.00450956821442
0 74.81971979141235
0 61.901307106018066
0 81.6159725189209
0 79.90542650222778
0 87.27392554283142
0 79.74607944488525
0 85.18469333648682
0 79.42548394203186
0 84.78065729141235
0 81.4166009426117
0 89.03181552886963
0 76.03639960289001
0 78.61356735229492
0 83.54164958000183
0 79.27029132843018
0 87.08359003067017
0 76.82161927223206
4 29.751357436180115
0 75.30931830406189
0 78.67743968963623
2 59.34332609176636
0 76.67514681816101
0 79.5988380908966
1 63.71271014213562
0 80.18840551376343
0 58.30606818199158
0 78.60921025276184
1 85.30610203742981
0 78.55113744735718
0 84.11561250686646
0 67.19961762428284
0 80.36324381828308
0 85.67765355110168
0 84.97147560119629
0 82.31420516967773
0 87.12058663368225
0 70.8844780921936
0 82.98412561416626
0 85.71898937225342
0 76.50654315948486
0 80.54518699645996
0 78.86959910392761
0 80.5387556552887
0 79.55319285392761
0 74.67985153198242
0 87.81523108482361
0 74.98475909233093
0 84.42075252532959
0 80.91772198677063
0 84.754478931427
0 84.97042655944824
0 79.85231280326843
0 71.82896733283997
0 74.75751042366028
0 84.71885323524475
4 18.49024146795273
0 67.1848475933075
0 73.82014393806458
0 83.02081227302551
0 70.48340439796448
0 79.79620099067688
0 81.28182888031006
0 80.91508150100708
0 80.1797091960907
0 87.80926465988159
0 82.95445442199707
0 83.97043943405151
0 86.00932359695435
0 69.63688135147095
0 86.58114671707153
0 79.70292568206787
0 74.6525526046753
0 75.22626519203186
0 82.49747157096863
0 86.02542877197266
0 81.73373341560364
0 75.66431164741516
0 85.85058450698853
0 89.00659084320068
0 81.1397135257721
0 63.668614625930786
0 89.59494233131409
0 81.13315105438232
0 71.82685732841492
0 82.41056799888611
0 79.00468111038208
0 85.02260446548462
0 77.31372714042664
0 87.41934299468994
0 75.88947415351868
0 65.69461226463318
0 87.2573971748352
0 75.4803717136383
0 75.43237209320068
0 75.89654922485352
0 81.26218318939209
0 83.70569944381714
0 55.42792081832886
0 84.18288826942444
0 83.02881121635437
0 87.31433153152466
0 57.5709342956543
0 85.4468286037445
0 85.27315855026245
0 76.3658881187439
0 81.35535717010498
0 80.86569309234619
0 83.34637880325317
0 80.14355301856995
0 55.01517653465271
0 76.81013345718384
0 86.49715781211853
0 71.9399094581604
0 78.10077667236328
0 80.61053156852722
0 75.17940402030945
0 77.03967690467834
0 65.43105840682983
0 75.6907045841217
0 73.1185793876648
0 86.29367351531982
0 73.065584897995
0 85.45498251914978
0 75.51059126853943
0 83.93593430519104
0 78.36567163467407
0 73.45758080482483
0 63.67656588554382
0 80.05969524383545
0 79.47255969047546
0 87.02507615089417
1 74.62316751480103
0 85.66921353340149
0 79.69849705696106
0 84.8891019821167
0 77.19770073890686
0 83.65700840950012
0 74.34774041175842
0 81.30351305007935
0 83.1819474697113
0 80.90618848800659
0 74.3380606174469
0 84.12933945655823
0 85.31889319419861
0 82.87007212638855
0 83.46636891365051
0 88.89148831367493
0 84.25341844558716
0 86.55983209609985
0 85.42742133140564
0 71.52966260910034
0 79.03303503990173
0 81.9618821144104
0 86.73188090324402
0 83.3907425403595
0 75.61531662940979
3 55.625325441360474
0 89.46453332901001
0 69.0969705581665
0 89.975106716156
0 80.81889152526855
0 84.9222183227539
0 80.21196126937866
0 82.37920999526978
0 79.5311689376831
0 84.54792499542236
2 37.283700704574585
0 81.88179135322571
0 81.18427991867065
0 87.6388430595398
0 85.47097444534302
0 77.12489366531372
0 75.56392550468445
0 79.67566847801208
0 74.36364889144897
0 79.85503673553467
0 87.68441677093506
0 78.02382707595825
0 62.157875299453735
0 77.57513523101807
0 79.78432178497314
0 84.85178351402283
0 83.82284641265869
0 72.50769138336182
0 79.26945686340332
0 80.02468347549438
0 80.82538843154907
0 65.56803584098816
0 81.50495886802673
0 77.60440707206726
0 80.61663508415222
0 83.1494390964508
0 78.95040512084961
0 78.81242632865906
0 78.96513938903809
0 85.75437664985657
0 68.49624514579773
0 84.74863171577454
0 83.6676299571991
0 81.6020667552948
0 76.69792175292969
0 74.29063320159912
0 74.14894104003906
0 77.61924862861633
0 85.68666577339172
0 84.71028804779053
0 83.70771408081055
0 78.30310463905334
0 62.8110408782959
0 70.88310718536377
0 68.23299527168274
0 78.48795056343079
0 83.30702781677246
0 77.51336693763733
0 83.87937545776367
0 78.66600751876831
0 78.50228548049927
1 60.34270524978638
0 51.95586085319519
0 78.8697361946106
0 83.5075318813324
0 85.76740026473999
0 83.44112038612366
0 85.66671013832092
0 83.5624098777771
0 77.50505208969116
1 81.71563148498535
0 84.72760915756226
0 80.31309843063354
0 82.03180432319641
0 84.1528058052063
0 75.69835782051086
0 78.14140915870667
0 82.82161355018616
0 88.96763324737549
0 70.38004994392395
0 86.08432412147522
0 77.31800675392151
0 72.62095212936401
0 83.63000154495239
0 68.1800901889801
0 75.26300549507141
0 87.1290922164917
0 84.15848016738892
0 80.29468059539795
0 89.29014205932617
0 65.45650362968445
0 78.1366229057312
0 72.1983790397644
0 66.07856750488281
0 70.61110734939575
0 81.31036758422852
0 80.79236149787903
0 81.88157677650452
0 71.07601165771484
1 77.02555060386658
0 78.73011231422424
0 85.68867444992065
0 77.17605233192444
0 72.34806418418884
0 43.04731488227844
0 76.05298161506653
0 88.42391967773438
0 82.37681984901428
0 80.40721416473389
0 83.38183760643005
0 86.00227236747742
0 82.27143883705139
0 81.9468080997467
0 80.82315921783447
0 83.1238865852356
0 86.52080297470093
1 72.77954816818237
0 75.68888068199158
0 84.5287561416626
0 88.25403451919556
0 76.86805725097656
0 76.36826634407043
0 82.65495300292969
0 83.5815966129303
1 72.96134829521179
0 79.8808217048645
0 78.89932990074158
0 82.17278122901917
0 87.57303357124329
0 81.24355673789978
0 86.05099320411682
0 77.37600207328796
0 78.98170948028564
0 91.74018502235413
0 80.00420331954956
0 78.29124927520752
0 86.49781346321106
0 61.68774366378784
0 81.85980916023254
0 75.89576840400696
0 87.60725855827332
0 82.04938173294067
0 83.22409987449646
0 74.77052807807922
0 83.2945466041565
0 76.21484994888306
0 58.04646611213684
0 88.70778679847717
0 83.4097146987915
0 81.54758810997009
0 60.6179416179657
0 84.15986895561218
0 88.31091523170471
0 83.90865921974182
0 86.30174994468689
1 63.34977746009827
0 80.25824427604675
0 84.58839058876038
0 77.24352478981018
0 41.475653648376465
0 57.379984855651855
0 84.75430607795715
0 80.31657934188843
0 78.01315188407898
0 73.82617592811584
0 88.14564943313599
0 80.17686009407043
0 79.46171164512634
0 72.03775644302368
0 66.50722622871399
0 40.42102098464966
0 72.69042134284973
0 83.58679413795471
0 77.43006348609924
0 72.76070713996887
0 78.79729270935059
0 82.49395489692688
0 70.26523351669312
0 82.722008228302
0 85.55201888084412
0 82.49763250350952
0 77.86259055137634
0 87.06691861152649
0 80.63881397247314
0 80.70971965789795
0 80.79718947410583
0 82.23233222961426
0 84.36200022697449
0 85.5193018913269
0 80.51833510398865
0 78.09076309204102
0 73.43616485595703
0 85.02624034881592
0 88.43173384666443
0 79.51523661613464
0 82.5646460056305
0 74.53389763832092
0 81.38338923454285
0 81.20011687278748
0 67.95367002487183
0 83.98264646530151
0 77.25086212158203
0 73.99883270263672
0 87.24913001060486
0 81.96560740470886
0 77.11257934570312
0 81.6279649734497
0 85.08384227752686
0 69.4559097290039
0 77.27444767951965
0 78.06007862091064
0 76.90899968147278
0 84.33336019515991
0 82.66153931617737
0 81.1876654624939
2 75.82604885101318
0 74.13824200630188
0 73.39534759521484
0 86.22781038284302
0 78.90787720680237
0 82.34391808509827
0 74.64147806167603
0 67.6067054271698
0 85.18261909484863
0 71.54141664505005
1 77.6539146900177
0 85.46264171600342
0 85.5514645576477
0 72.69554734230042
0 88.09481859207153
0 84.31238532066345
0 73.10916781425476
0 80.3799569606781
0 84.26498770713806
0 74.99536871910095
0 87.72307634353638
1 70.68824172019958
0 84.87051129341125
0 81.95571303367615
0 80.43879866600037
0 89.72381353378296
0 76.91208124160767
0 79.25357222557068
0 78.76877784729004
0 77.81726717948914
0 85.27231216430664
0 88.05400729179382
0 81.37546181678772
0 86.94714307785034
0 81.1830461025238
0 75.2398431301117
0 72.40756750106812
0 79.86528873443604
0 86.53233647346497
0 85.74286103248596
0 79.00570034980774
0 60.298335552215576
0 83.54561924934387
0 48.349729180336
0 79.2373538017273
0 82.72716403007507
0 81.5334677696228
0 64.3736183643341
0 79.4315755367279
1 61.6898238658905
0 77.065908908844
0 79.5249879360199
0 73.82814884185791
0 74.2752730846405
0 62.84840703010559
0 81.63305521011353
0 82.15113878250122
0 78.69561314582825
0 79.37451004981995
0 77.82950401306152
0 79.97662425041199
0 80.80199360847473
0 74.40478801727295
0 53.2819926738739
0 85.31661629676819
0 84.82273817062378
0 88.02079558372498
0 81.86662793159485
0 74.4207501411438
0 80.97428679466248
0 74.4333028793335
0 57.225048542022705
0 84.45222973823547
0 83.54909420013428
0 81.52208924293518
0 74.59237575531006
0 83.76333117485046
0 83.77922773361206
0 81.70926570892334
0 84.59182381629944
0 78.5640299320221
0 69.7304904460907
0 78.61653566360474
0 77.70668268203735
0 73.5507607460022
0 81.76538944244385
0 84.14484858512878
0 64.53855633735657
0 77.662593126297
0 81.15889430046082
0 76.9304096698761
0 87.08884119987488
0 86.92020177841187
0 70.57649493217468
0 85.45846343040466
2 80.0765335559845
0 70.16430497169495
0 86.99084520339966
0 86.09345555305481
0 67.39490032196045
0 77.04927325248718
0 83.8524878025055
0 82.26134181022644
0 84.49265360832214
0 80.19338846206665
0 79.48875427246094
0 53.913915157318115
0 78.9853036403656
0 85.09474396705627
0 75.35568475723267
0 72.35742807388306
0 85.93711853027344
0 78.25554609298706
1 78.1982421875
0 73.87979626655579
0 80.7374119758606
0 87.34202980995178
0 82.99686908721924
0 81.77728056907654
0 81.96995854377747
0 77.96239852905273
0 77.47945189476013
0 82.85917043685913
0 87.44603395462036
0 88.0072832107544
0 84.94307398796082
0 86.0335648059845
1 75.38641691207886
0 81.99289441108704
1 71.33214473724365
0 83.40138792991638
0 71.02869153022766
0 77.51220464706421
0 81.70363903045654
0 81.8504810333252
0 58.158767223358154
0 84.21071767807007
0 81.08417987823486
0 77.83506512641907
0 77.83315181732178
0 70.111083984375
0 83.47451686859131
0 79.925537109375
0 86.42256259918213
0 83.88684391975403
0 75.86609125137329
0 87.02974319458008
0 69.09080743789673
4 57.31349587440491
0 85.56605577468872
0 82.09530711174011
2 70.93893885612488
0 71.4955985546112
0 79.19053435325623
0 76.18107795715332
0 80.97974061965942
0 87.1326744556427
0 53.536927700042725
0 75.56319832801819
0 79.5697808265686
0 73.1729805469513
0 78.12572717666626
0 81.7942202091217
